10 0.9677734375 0.66015625 0.064453125 0.400390625
10 0.0869140625 0.6611328125 0.173828125 0.384765625
10 0.22265625 0.669921875 0.158203125 0.330078125
10 0.064453125 0.2587890625 0.12890625 0.330078125
10 0.24609375 0.259765625 0.1376953125 0.2900390625
10 0.357421875 0.2646484375 0.140625 0.2900390625
10 0.4833984375 0.2724609375 0.126953125 0.3154296875
10 0.607421875 0.275390625 0.126953125 0.330078125
10 0.8466796875 0.2802734375 0.1328125 0.330078125
10 0.728515625 0.2822265625 0.115234375 0.3154296875
10 0.9599609375 0.296875 0.080078125 0.31640625