10 0.248046875 0.615234375 0.197265625 0.1884765625
10 0.53125 0.8203125 0.11328125 0.2822265625
10 0.9501953125 0.822265625 0.0986328125 0.3203125
10 0.0654296875 0.8271484375 0.1298828125 0.251953125
10 0.3193359375 0.8291015625 0.1181640625 0.2568359375
10 0.4189453125 0.8291015625 0.111328125 0.2568359375
10 0.2099609375 0.8330078125 0.1201171875 0.248046875
10 0.6357421875 0.8359375 0.1064453125 0.251953125
10 0.8369140625 0.845703125 0.1083984375 0.3076171875
10 0.736328125 0.8525390625 0.09375 0.26953125
10 0.8076171875 0.1328125 0.072265625 0.1884765625
10 0.9765625 0.1337890625 0.046875 0.201171875
10 0.7216796875 0.13671875 0.083984375 0.1884765625
10 0.23828125 0.138671875 0.1064453125 0.2353515625
10 0.9013671875 0.140625 0.08203125 0.1962890625
10 0.5419921875 0.1455078125 0.08203125 0.1708984375
10 0.14453125 0.1494140625 0.0966796875 0.1796875
10 0.630859375 0.1513671875 0.08203125 0.1748046875
10 0.0546875 0.154296875 0.09375 0.2138671875
10 0.3701171875 0.15625 0.09375 0.1923828125
10 0.45703125 0.162109375 0.0888671875 0.1884765625
10 0.6962890625 0.3359375 0.0869140625 0.2353515625
10 0.0244140625 0.337890625 0.0478515625 0.23046875
10 0.603515625 0.33984375 0.09375 0.2431640625
10 0.7919921875 0.33984375 0.083984375 0.2353515625
10 0.091796875 0.33984375 0.111328125 0.2431640625
10 0.9716796875 0.33984375 0.056640625 0.2265625
10 0.3203125 0.341796875 0.0966796875 0.22265625
10 0.5107421875 0.341796875 0.0966796875 0.23046875
10 0.4140625 0.34375 0.091796875 0.1923828125
10 0.8857421875 0.3486328125 0.0888671875 0.2431640625
10 0.1943359375 0.3486328125 0.103515625 0.201171875