10 0.88671875 0.4111328125 0.1201171875 0.23828125
10 0.943359375 0.6650390625 0.11328125 0.2431640625
10 0.421875 0.814453125 0.1064453125 0.2880859375
10 0.1923828125 0.8330078125 0.103515625 0.2841796875
10 0.0791015625 0.8349609375 0.08984375 0.271484375
10 0.525390625 0.841796875 0.1015625 0.2587890625
10 0.306640625 0.845703125 0.1064453125 0.2587890625
10 0.642578125 0.84765625 0.115234375 0.2548828125
10 0.9677734375 0.888671875 0.064453125 0.22265625
10 0.5361328125 0.1435546875 0.103515625 0.22265625
10 0.2431640625 0.146484375 0.0810546875 0.2099609375
10 0.341796875 0.146484375 0.0947265625 0.2099609375
10 0.435546875 0.1484375 0.1015625 0.22265625
10 0.1455078125 0.150390625 0.087890625 0.2099609375
10 0.056640625 0.15234375 0.0810546875 0.197265625
10 0.8330078125 0.1787109375 0.0986328125 0.201171875
10 0.357421875 0.3291015625 0.091796875 0.22265625
10 0.0458984375 0.3349609375 0.087890625 0.234375
10 0.1552734375 0.3349609375 0.0947265625 0.2587890625
10 0.56640625 0.33984375 0.1064453125 0.2431640625
10 0.255859375 0.341796875 0.087890625 0.23828125
10 0.46875 0.34375 0.0986328125 0.201171875