7 0.349609375 0.74609375 0.0556640625 0.09375
7 0.3876953125 0.7431640625 0.0517578125 0.08984375
7 0.4306640625 0.748046875 0.0478515625 0.09765625
7 0.4716796875 0.74609375 0.0673828125 0.0986328125
7 0.515625 0.7431640625 0.05859375 0.107421875
7 0.556640625 0.744140625 0.0673828125 0.10546875
7 0.1015625 0.7314453125 0.072265625 0.091796875
7 0.140625 0.7353515625 0.060546875 0.095703125
7 0.2197265625 0.740234375 0.0625 0.091796875
7 0.2587890625 0.73828125 0.0625 0.1044921875
7 0.6435546875 0.7548828125 0.0673828125 0.08984375
7 0.69140625 0.7470703125 0.05859375 0.091796875
7 0.30078125 0.9521484375 0.0693359375 0.095703125
7 0.349609375 0.951171875 0.0654296875 0.09765625
7 0.396484375 0.9541015625 0.0595703125 0.091796875
7 0.4462890625 0.951171875 0.060546875 0.09765625
8 0.4912109375 0.466796875 0.056640625 0.1005859375
8 0.5869140625 0.46875 0.0517578125 0.09765625
8 0.439453125 0.626953125 0.0478515625 0.1044921875
8 0.3046875 0.7490234375 0.0625 0.1298828125
8 0.181640625 0.736328125 0.060546875 0.1181640625
8 0.2548828125 0.9482421875 0.064453125 0.103515625
8 0.5126953125 0.626953125 0.05859375 0.09375