7 0.7412109375 0.244140625 0.087890625 0.0712890625
7 0.7216796875 0.2958984375 0.0849609375 0.078125
7 0.7138671875 0.33984375 0.08984375 0.0830078125
7 0.705078125 0.39453125 0.09375 0.1025390625
7 0.689453125 0.4619140625 0.076171875 0.09765625
7 0.6611328125 0.53125 0.087890625 0.107421875
7 0.646484375 0.6337890625 0.103515625 0.169921875
7 0.6220703125 0.7236328125 0.1279296875 0.15625
7 0.466796875 0.177734375 0.0712890625 0.078125
7 0.44140625 0.2216796875 0.0654296875 0.060546875
7 0.419921875 0.26953125 0.0673828125 0.064453125
7 0.3916015625 0.314453125 0.076171875 0.0693359375
7 0.3525390625 0.36328125 0.0791015625 0.06640625
7 0.30859375 0.416015625 0.0810546875 0.078125
7 0.0673828125 0.7802734375 0.1123046875 0.158203125
7 0.6201171875 0.34375 0.0654296875 0.0625
7 0.6005859375 0.41015625 0.0673828125 0.0625
8 0.6328125 0.26953125 0.09375 0.060546875
8 0.568359375 0.8662109375 0.138671875 0.1806640625
8 0.404296875 0.8525390625 0.1474609375 0.1630859375