10 0.4853515625 0.388671875 0.1162109375 0.1376953125
10 0.802734375 0.4052734375 0.1044921875 0.130859375
10 0.943359375 0.40625 0.11328125 0.140625
10 0.5498046875 0.4091796875 0.1083984375 0.158203125
10 0.25 0.4248046875 0.1240234375 0.1474609375
10 0.734375 0.4814453125 0.1025390625 0.1376953125
10 0.9033203125 0.4814453125 0.1123046875 0.1513671875
10 0.4736328125 0.5087890625 0.1123046875 0.158203125
10 0.138671875 0.5185546875 0.1337890625 0.158203125
10 0.66015625 0.5654296875 0.1376953125 0.1826171875
10 0.810546875 0.59765625 0.1044921875 0.1650390625
10 0.3623046875 0.6015625 0.1640625 0.19921875
10 0.0400390625 0.6083984375 0.0791015625 0.14453125
10 0.576171875 0.6787109375 0.1396484375 0.16796875
10 0.7431640625 0.6875 0.1318359375 0.185546875
10 0.3681640625 0.701171875 0.1494140625 0.2333984375
10 0.2119140625 0.7763671875 0.1416015625 0.1787109375
10 0.45703125 0.80078125 0.1103515625 0.1923828125
10 0.650390625 0.8212890625 0.1259765625 0.2197265625
10 0.9501953125 0.826171875 0.0986328125 0.216796875
10 0.2080078125 0.896484375 0.15625 0.185546875
10 0.072265625 0.9072265625 0.14453125 0.185546875
10 0.349609375 0.9140625 0.0966796875 0.171875
10 0.5390625 0.9228515625 0.1220703125 0.154296875
10 0.873046875 0.9345703125 0.1455078125 0.130859375
10 0.90234375 0.1064453125 0.1142578125 0.0966796875
10 0.705078125 0.1826171875 0.0869140625 0.1171875
10 0.4423828125 0.2041015625 0.0947265625 0.126953125
10 0.6494140625 0.2529296875 0.0751953125 0.1337890625
10 0.4501953125 0.2734375 0.0771484375 0.1201171875
10 0.927734375 0.310546875 0.1064453125 0.126953125
10 0.8544921875 0.326171875 0.1123046875 0.130859375
10 0.591796875 0.341796875 0.0888671875 0.1337890625