7 0.7373046875 0.244140625 0.10546875 0.0888671875
7 0.724609375 0.2890625 0.107421875 0.0888671875
7 0.7197265625 0.3369140625 0.123046875 0.08984375
7 0.078125 0.76953125 0.1298828125 0.158203125
7 0.3603515625 0.3759765625 0.1005859375 0.1162109375
7 0.4482421875 0.21875 0.0791015625 0.0625
8 0.568359375 0.8671875 0.1767578125 0.2099609375
8 0.6083984375 0.732421875 0.1484375 0.15625
8 0.40625 0.8779296875 0.185546875 0.19921875
8 0.6298828125 0.60546875 0.140625 0.138671875
8 0.6484375 0.5341796875 0.12109375 0.1298828125
8 0.66796875 0.439453125 0.1162109375 0.1044921875