10 0.4658203125 0.525390625 0.1689453125 0.220703125
10 0.169921875 0.8115234375 0.0927734375 0.2587890625
10 0.37890625 0.8134765625 0.095703125 0.296875
10 0.2734375 0.8173828125 0.0908203125 0.25390625
10 0.6201171875 0.8173828125 0.0927734375 0.279296875
10 0.0556640625 0.8203125 0.09765625 0.25
10 0.4873046875 0.82421875 0.09765625 0.25
10 0.837890625 0.8330078125 0.109375 0.2919921875
10 0.724609375 0.8388671875 0.0927734375 0.271484375
10 0.03125 0.125 0.0615234375 0.1904296875
10 0.2880859375 0.126953125 0.076171875 0.1953125
10 0.1044921875 0.126953125 0.0810546875 0.1865234375
10 0.1962890625 0.1337890625 0.078125 0.1904296875
10 0.27734375 0.298828125 0.078125 0.224609375
10 0.46875 0.3046875 0.0810546875 0.2373046875
10 0.375 0.3076171875 0.0830078125 0.224609375
10 0.67578125 0.3154296875 0.0810546875 0.19921875
10 0.1826171875 0.3154296875 0.078125 0.19921875
10 0.8818359375 0.3173828125 0.087890625 0.2373046875
10 0.0234375 0.3232421875 0.046875 0.224609375
10 0.091796875 0.32421875 0.0830078125 0.25