8 0.6064453125 0.73828125 0.15234375 0.1474609375
8 0.560546875 0.85546875 0.13671875 0.171875
7 0.7373046875 0.248046875 0.0810546875 0.0625
7 0.72265625 0.2939453125 0.09375 0.0712890625
7 0.7158203125 0.3427734375 0.09375 0.0849609375
7 0.701171875 0.4013671875 0.0810546875 0.080078125
7 0.689453125 0.4638671875 0.09375 0.1044921875
7 0.6611328125 0.5341796875 0.0986328125 0.1201171875
7 0.6484375 0.62890625 0.1005859375 0.142578125
7 0.4775390625 0.197265625 0.08984375 0.0712890625
7 0.451171875 0.23828125 0.0673828125 0.0673828125
7 0.421875 0.2763671875 0.0673828125 0.0732421875
7 0.3896484375 0.31640625 0.0517578125 0.064453125
7 0.35546875 0.373046875 0.07421875 0.08984375
7 0.3154296875 0.4345703125 0.0712890625 0.109375
7 0.072265625 0.783203125 0.1025390625 0.18359375