10 0.248046875 0.275390625 0.13671875 0.1064453125
10 0.900390625 0.32421875 0.1552734375 0.12890625
10 0.21484375 0.3779296875 0.1494140625 0.1318359375
10 0.41015625 0.3876953125 0.1435546875 0.162109375
10 0.8876953125 0.4521484375 0.150390625 0.1474609375
10 0.16015625 0.5009765625 0.2001953125 0.142578125
10 0.3828125 0.546875 0.166015625 0.2001953125
10 0.8896484375 0.6064453125 0.181640625 0.177734375
10 0.1328125 0.6337890625 0.1396484375 0.150390625
10 0.32421875 0.6435546875 0.146484375 0.224609375
10 0.3203125 0.0771484375 0.1201171875 0.0986328125
10 0.908203125 0.779296875 0.16796875 0.1455078125
10 0.47265625 0.0859375 0.1171875 0.1181640625
10 0.267578125 0.8740234375 0.1630859375 0.21875
10 0.4716796875 0.087890625 0.12109375 0.1201171875
10 0.2822265625 0.173828125 0.1279296875 0.123046875