7 0.2626953125 0.7392578125 0.05859375 0.107421875
7 0.3076171875 0.73828125 0.05859375 0.11328125
7 0.34765625 0.7451171875 0.0654296875 0.1181640625
7 0.390625 0.7470703125 0.0537109375 0.091796875
7 0.4326171875 0.748046875 0.05859375 0.09765625
7 0.4736328125 0.7490234375 0.060546875 0.10546875
7 0.513671875 0.74609375 0.056640625 0.1025390625
8 0.59765625 0.73828125 0.0517578125 0.126953125
8 0.5517578125 0.7353515625 0.046875 0.1162109375
8 0.30078125 0.62109375 0.041015625 0.0986328125
8 0.3662109375 0.6181640625 0.04296875 0.0869140625
8 0.47265625 0.62109375 0.044921875 0.091796875
8 0.546875 0.62109375 0.046875 0.1025390625
8 0.6220703125 0.62109375 0.044921875 0.111328125
8 0.5810546875 0.6181640625 0.0400390625 0.08984375
7 0.4814453125 0.294921875 0.041015625 0.048828125
7 0.51171875 0.2373046875 0.046875 0.0537109375
7 0.5712890625 0.1484375 0.0380859375 0.04296875
7 0.59375 0.1484375 0.0380859375 0.05078125
7 0.6181640625 0.146484375 0.041015625 0.0576171875
7 0.64453125 0.1435546875 0.0380859375 0.060546875
7 0.6494140625 0.74609375 0.0625 0.10546875
7 0.6875 0.74609375 0.0703125 0.08984375
7 0.0615234375 0.732421875 0.0654296875 0.09765625
7 0.302734375 0.9423828125 0.076171875 0.1142578125
7 0.349609375 0.9501953125 0.0654296875 0.0986328125
7 0.3994140625 0.94921875 0.05859375 0.1005859375
8 0.0654296875 0.6103515625 0.0537109375 0.095703125
8 0.10546875 0.607421875 0.0400390625 0.1044921875
8 0.15234375 0.6123046875 0.0400390625 0.095703125
8 0.1865234375 0.61328125 0.041015625 0.08984375
8 0.2197265625 0.61328125 0.044921875 0.09375
8 0.25390625 0.615234375 0.044921875 0.095703125
8 0.4072265625 0.619140625 0.041015625 0.091796875
8 0.4384765625 0.6201171875 0.0400390625 0.08984375
8 0.5078125 0.6162109375 0.0400390625 0.1142578125
8 0.6591796875 0.626953125 0.046875 0.107421875
8 0.6923828125 0.626953125 0.0498046875 0.1005859375
8 0.8076171875 0.6279296875 0.0654296875 0.109375