8 0.564453125 0.8818359375 0.1591796875 0.19140625
8 0.5927734375 0.724609375 0.1279296875 0.1474609375
8 0.6220703125 0.61328125 0.1171875 0.1298828125
8 0.6513671875 0.525390625 0.125 0.109375
8 0.6796875 0.453125 0.103515625 0.08984375
8 0.6884765625 0.373046875 0.1162109375 0.0732421875
8 0.703125 0.31640625 0.078125 0.064453125
8 0.7177734375 0.2666015625 0.072265625 0.0537109375
8 0.7216796875 0.2265625 0.0673828125 0.046875
2 0.7822265625 0.89453125 0.07421875 0.203125
2 0.791015625 0.7197265625 0.0849609375 0.1611328125
2 0.81640625 0.58984375 0.0693359375 0.140625
2 0.81640625 0.470703125 0.05859375 0.09375
2 0.8251953125 0.3955078125 0.0546875 0.076171875
2 0.8212890625 0.3251953125 0.0625 0.060546875
8 0.0634765625 0.73828125 0.1025390625 0.12890625
2 0.6259765625 0.2021484375 0.056640625 0.0576171875
8 0.57421875 0.4404296875 0.091796875 0.078125
8 0.5927734375 0.373046875 0.08984375 0.06640625
8 0.623046875 0.3203125 0.1015625 0.05078125
8 0.6328125 0.265625 0.0986328125 0.0625