10 0.7255859375 0.5283203125 0.1376953125 0.2509765625
10 0.111328125 0.53125 0.146484375 0.24609375
10 0.4443359375 0.74609375 0.1494140625 0.298828125
10 0.3310546875 0.75390625 0.15234375 0.283203125
10 0.04296875 0.75390625 0.0849609375 0.26171875
10 0.123046875 0.75390625 0.134765625 0.26171875
10 0.2255859375 0.7568359375 0.146484375 0.27734375
10 0.65234375 0.76171875 0.1318359375 0.24609375
10 0.853515625 0.1044921875 0.10546875 0.208984375
10 0.947265625 0.1044921875 0.10546875 0.208984375
10 0.5673828125 0.107421875 0.1201171875 0.2041015625
10 0.294921875 0.115234375 0.1259765625 0.23046875
10 0.0556640625 0.115234375 0.111328125 0.23046875
10 0.4130859375 0.515625 0.12890625 0.2666015625
10 0.8310546875 0.515625 0.1259765625 0.2666015625
10 0.3095703125 0.5205078125 0.1376953125 0.2353515625