7 0.3388671875 0.623046875 0.05859375 0.0830078125
7 0.375 0.626953125 0.0498046875 0.08984375
7 0.408203125 0.62890625 0.0517578125 0.080078125
7 0.4462890625 0.6298828125 0.0517578125 0.0830078125
7 0.4775390625 0.62890625 0.0556640625 0.0888671875
7 0.51171875 0.62890625 0.0498046875 0.0888671875
7 0.5439453125 0.6259765625 0.05859375 0.091796875
7 0.5791015625 0.6328125 0.060546875 0.0888671875
7 0.6171875 0.6318359375 0.0537109375 0.0869140625
7 0.6513671875 0.63671875 0.0546875 0.0732421875
7 0.6884765625 0.6298828125 0.060546875 0.09375
7 0.7255859375 0.634765625 0.0673828125 0.0849609375
7 0.7626953125 0.63671875 0.0654296875 0.07421875
7 0.7978515625 0.634765625 0.0634765625 0.078125
7 0.2216796875 0.744140625 0.0712890625 0.07421875
7 0.26171875 0.7431640625 0.060546875 0.080078125
7 0.3076171875 0.744140625 0.0654296875 0.0849609375
7 0.34375 0.74609375 0.0634765625 0.0888671875
7 0.3876953125 0.744140625 0.05859375 0.0712890625
7 0.4287109375 0.7412109375 0.060546875 0.076171875
7 0.474609375 0.74609375 0.0625 0.0869140625
7 0.515625 0.748046875 0.056640625 0.09765625
7 0.5546875 0.75 0.05859375 0.0830078125
7 0.6015625 0.75390625 0.0634765625 0.0849609375
7 0.64453125 0.7578125 0.076171875 0.0888671875
7 0.0986328125 0.7421875 0.0712890625 0.08203125
7 0.1396484375 0.7421875 0.0654296875 0.0888671875
7 0.3056640625 0.955078125 0.0703125 0.0888671875
7 0.3544921875 0.947265625 0.072265625 0.1044921875
7 0.4013671875 0.95703125 0.0654296875 0.0849609375
7 0.37109375 0.474609375 0.0498046875 0.0576171875
7 0.3994140625 0.4765625 0.0341796875 0.064453125
7 0.458984375 0.4765625 0.0517578125 0.060546875
7 0.5234375 0.4765625 0.056640625 0.060546875
7 0.5859375 0.48046875 0.0498046875 0.05859375
7 0.6484375 0.478515625 0.0537109375 0.0673828125
7 0.7119140625 0.470703125 0.0517578125 0.0693359375
7 0.78125 0.4697265625 0.0537109375 0.0712890625
7 0.2646484375 0.4765625 0.048828125 0.0673828125