10 0.2939453125 0.3232421875 0.1650390625 0.2666015625
10 0.681640625 0.3232421875 0.12109375 0.2607421875
10 0.2177734375 0.4716796875 0.1640625 0.306640625
10 0.3857421875 0.5419921875 0.142578125 0.291015625
10 0.6689453125 0.6181640625 0.1298828125 0.3125
10 0.8974609375 0.755859375 0.205078125 0.2607421875
10 0.1533203125 0.7841796875 0.19140625 0.33984375
10 0.1259765625 0.0791015625 0.142578125 0.130859375
10 0.875 0.0830078125 0.1845703125 0.166015625
10 0.630859375 0.896484375 0.1455078125 0.2060546875
10 0.8779296875 0.9345703125 0.244140625 0.130859375
10 0.3291015625 0.115234375 0.162109375 0.23046875
10 0.90234375 0.2080078125 0.1953125 0.2255859375