10 0.0234375 0.3359375 0.0458984375 0.125
10 0.318359375 0.36328125 0.140625 0.134765625
10 0.1923828125 0.4140625 0.1220703125 0.14453125
10 0.716796875 0.4248046875 0.1513671875 0.158203125
10 0.3359375 0.42578125 0.1162109375 0.1416015625
10 0.4296875 0.4453125 0.146484375 0.134765625
10 0.6103515625 0.4521484375 0.140625 0.1611328125
10 0.9638671875 0.4609375 0.072265625 0.1640625
10 0.134765625 0.4853515625 0.0810546875 0.1484375
10 0.5947265625 0.5498046875 0.142578125 0.177734375
10 0.3974609375 0.5556640625 0.166015625 0.1376953125
10 0.203125 0.5908203125 0.107421875 0.1484375
10 0.087890625 0.595703125 0.109375 0.1845703125
10 0.5732421875 0.65625 0.169921875 0.1875
10 0.9365234375 0.65625 0.09765625 0.1611328125
10 0.7705078125 0.0673828125 0.0810546875 0.1015625
10 0.3515625 0.6708984375 0.173828125 0.1376953125
10 0.0361328125 0.7314453125 0.072265625 0.20703125
10 0.5146484375 0.7890625 0.1640625 0.23046875
10 0.294921875 0.80078125 0.1826171875 0.154296875
10 0.861328125 0.0859375 0.0771484375 0.10546875
10 0.6630859375 0.892578125 0.126953125 0.21484375
10 0.9365234375 0.91796875 0.126953125 0.16015625
10 0.4853515625 0.927734375 0.1640625 0.14453125
10 0.2158203125 0.9326171875 0.1943359375 0.134765625
10 0.5625 0.16796875 0.146484375 0.125
10 0.400390625 0.1845703125 0.134765625 0.125
10 0.732421875 0.2060546875 0.13671875 0.1484375
10 0.22265625 0.220703125 0.068359375 0.1318359375
10 0.353515625 0.240234375 0.1123046875 0.10546875
10 0.1884765625 0.2880859375 0.0888671875 0.154296875
10 0.3134765625 0.3095703125 0.138671875 0.0859375
10 0.943359375 0.3271484375 0.072265625 0.1416015625