7 0.06640625 0.7890625 0.1181640625 0.1650390625
7 0.572265625 0.900390625 0.16796875 0.171875
7 0.609375 0.740234375 0.1591796875 0.1474609375
7 0.63671875 0.623046875 0.123046875 0.12890625
7 0.6669921875 0.5390625 0.1142578125 0.1201171875
7 0.671875 0.45703125 0.0966796875 0.091796875
7 0.705078125 0.39453125 0.107421875 0.0849609375
7 0.3232421875 0.4248046875 0.0693359375 0.126953125
7 0.3623046875 0.36328125 0.0849609375 0.1162109375
7 0.3955078125 0.31640625 0.078125 0.0849609375
7 0.416015625 0.26953125 0.078125 0.08984375
7 0.44921875 0.234375 0.0634765625 0.0869140625
7 0.4736328125 0.197265625 0.07421875 0.0712890625
7 0.71484375 0.3486328125 0.1015625 0.09765625
7 0.7255859375 0.2939453125 0.0947265625 0.0888671875
7 0.419921875 0.8828125 0.154296875 0.1923828125
7 0.642578125 0.255859375 0.0654296875 0.0673828125
7 0.630859375 0.302734375 0.072265625 0.0712890625
7 0.623046875 0.3515625 0.0986328125 0.064453125
7 0.59375 0.40625 0.08984375 0.0830078125