10 0.1484375 0.0546875 0.16796875 0.109375
10 0.7978515625 0.5927734375 0.13671875 0.251953125
10 0.369140625 0.62109375 0.2294921875 0.251953125
10 0.0947265625 0.6357421875 0.189453125 0.2431640625
10 0.7939453125 0.82421875 0.1494140625 0.314453125
10 0.3125 0.8408203125 0.240234375 0.2900390625
10 0.06640625 0.8447265625 0.1328125 0.224609375
10 0.2353515625 0.958984375 0.216796875 0.08203125
10 0.4736328125 0.107421875 0.1923828125 0.17578125
10 0.2216796875 0.130859375 0.208984375 0.17578125
10 0.841796875 0.21875 0.1171875 0.2099609375
10 0.453125 0.259765625 0.2001953125 0.2236328125
10 0.1875 0.2763671875 0.2294921875 0.171875
10 0.810546875 0.3837890625 0.123046875 0.2138671875
10 0.1298828125 0.435546875 0.259765625 0.2236328125
10 0.4013671875 0.4423828125 0.2294921875 0.248046875