7 0.5048828125 0.81640625 0.1748046875 0.169921875
7 0.8955078125 0.544921875 0.1123046875 0.1806640625
8 0.5185546875 0.912109375 0.150390625 0.1650390625
8 0.4638671875 0.69140625 0.166015625 0.171875
8 0.4140625 0.576171875 0.1455078125 0.1455078125
8 0.3994140625 0.4921875 0.166015625 0.126953125
8 0.3603515625 0.404296875 0.1494140625 0.1142578125
8 0.33203125 0.3369140625 0.134765625 0.1044921875
8 0.310546875 0.2734375 0.119140625 0.095703125
8 0.2783203125 0.203125 0.111328125 0.09375
8 0.8193359375 0.4375 0.0810546875 0.1455078125
8 0.759765625 0.3759765625 0.07421875 0.14453125
8 0.7041015625 0.2978515625 0.0673828125 0.126953125
8 0.6630859375 0.2431640625 0.056640625 0.111328125
8 0.6162109375 0.189453125 0.060546875 0.107421875
7 0.546875 0.099609375 0.056640625 0.0888671875
7 0.71875 0.19140625 0.09375 0.078125
7 0.3525390625 0.171875 0.076171875 0.06640625