7 0.2578125 0.16015625 0.111328125 0.08203125
7 0.28125 0.205078125 0.1123046875 0.080078125
7 0.4765625 0.431640625 0.1259765625 0.095703125
7 0.7041015625 0.3134765625 0.0810546875 0.1337890625
7 0.759765625 0.376953125 0.0849609375 0.1357421875
7 0.8876953125 0.52734375 0.0966796875 0.1298828125
7 0.6240234375 0.19921875 0.0625 0.095703125
7 0.6591796875 0.2470703125 0.056640625 0.109375
7 0.6904296875 0.14453125 0.1162109375 0.0693359375
7 0.7314453125 0.1962890625 0.1171875 0.08984375
7 0.7734375 0.248046875 0.125 0.0869140625
7 0.515625 0.0615234375 0.060546875 0.08203125
7 0.55078125 0.1064453125 0.0478515625 0.0712890625
8 0.4658203125 0.689453125 0.15625 0.1357421875
8 0.4130859375 0.5703125 0.1337890625 0.1201171875
8 0.3974609375 0.4912109375 0.181640625 0.125
8 0.521484375 0.8076171875 0.1875 0.15234375
8 0.818359375 0.44140625 0.0830078125 0.1494140625
8 0.244140625 0.1123046875 0.0986328125 0.07421875