10 0.451171875 0.0576171875 0.138671875 0.115234375
10 0.9560546875 0.6337890625 0.087890625 0.3564453125
10 0.0556640625 0.6416015625 0.111328125 0.24609375
10 0.552734375 0.75390625 0.2177734375 0.29296875
10 0.0908203125 0.8603515625 0.181640625 0.267578125
10 0.748046875 0.923828125 0.232421875 0.1513671875
10 0.5986328125 0.1201171875 0.150390625 0.23046875
10 0.1455078125 0.1259765625 0.16796875 0.2509765625
10 0.8779296875 0.138671875 0.23828125 0.2255859375
10 0.69140625 0.2958984375 0.1591796875 0.2666015625
10 0.2734375 0.2958984375 0.1826171875 0.2568359375
10 0.9677734375 0.30859375 0.064453125 0.19921875
10 0.7666015625 0.0419921875 0.220703125 0.083984375
10 0.4091796875 0.5 0.2177734375 0.2880859375