8 0.521484375 0.814453125 0.1904296875 0.15625
8 0.4619140625 0.69140625 0.166015625 0.15234375
8 0.4140625 0.57421875 0.15625 0.1337890625
8 0.3837890625 0.484375 0.125 0.1181640625
8 0.3525390625 0.39453125 0.123046875 0.0986328125
8 0.619140625 0.732421875 0.1572265625 0.1630859375
8 0.8916015625 0.5244140625 0.10546875 0.1494140625
8 0.8193359375 0.4482421875 0.0849609375 0.173828125
8 0.755859375 0.3623046875 0.072265625 0.1474609375
8 0.7060546875 0.3046875 0.078125 0.126953125
8 0.65625 0.23828125 0.05859375 0.1181640625
8 0.6162109375 0.1865234375 0.060546875 0.109375
8 0.32421875 0.3291015625 0.123046875 0.0986328125
8 0.30078125 0.263671875 0.125 0.1005859375
8 0.27734375 0.205078125 0.0986328125 0.0830078125
2 0.251953125 0.634765625 0.138671875 0.1650390625
2 0.212890625 0.50390625 0.1337890625 0.1318359375
2 0.1923828125 0.39453125 0.123046875 0.1181640625
8 0.572265625 0.6025390625 0.150390625 0.12890625
8 0.505859375 0.49609375 0.1318359375 0.1181640625