10 0.525390625 0.4208984375 0.119140625 0.2490234375
10 0.8408203125 0.4501953125 0.2275390625 0.2490234375
10 0.267578125 0.5732421875 0.1953125 0.259765625
10 0.6884765625 0.61328125 0.12109375 0.2822265625
10 0.935546875 0.6572265625 0.12890625 0.2236328125
10 0.4443359375 0.826171875 0.2236328125 0.296875
10 0.859375 0.845703125 0.12890625 0.3076171875
10 0.2529296875 0.095703125 0.0947265625 0.1904296875
10 0.5234375 0.0966796875 0.2109375 0.193359375
10 0.8681640625 0.140625 0.1845703125 0.2158203125
10 0.396484375 0.2490234375 0.119140625 0.2275390625
10 0.6806640625 0.271484375 0.2236328125 0.1982421875
10 0.1015625 0.3369140625 0.1865234375 0.234375