10 0.2236328125 0.548828125 0.1328125 0.220703125
10 0.4501953125 0.58203125 0.15234375 0.2080078125
10 0.1044921875 0.7060546875 0.1494140625 0.26953125
10 0.3466796875 0.75 0.1591796875 0.2431640625
10 0.630859375 0.08203125 0.12109375 0.146484375
10 0.19921875 0.8916015625 0.1650390625 0.216796875
10 0.642578125 0.904296875 0.1875 0.19140625
10 0.80078125 0.1220703125 0.134765625 0.181640625
10 0.533203125 0.181640625 0.125 0.1767578125
10 0.7236328125 0.201171875 0.14453125 0.181640625
10 0.4501953125 0.2880859375 0.142578125 0.2119140625
10 0.634765625 0.314453125 0.142578125 0.185546875
10 0.9384765625 0.3232421875 0.1220703125 0.185546875
10 0.080078125 0.3603515625 0.1591796875 0.2080078125
10 0.35546875 0.3984375 0.13671875 0.2119140625
10 0.5634765625 0.435546875 0.14453125 0.19921875