8 0.513671875 0.82421875 0.1884765625 0.185546875
7 0.4609375 0.6904296875 0.1591796875 0.1611328125
8 0.4189453125 0.578125 0.138671875 0.138671875
8 0.396484375 0.4765625 0.1318359375 0.11328125
8 0.3662109375 0.4072265625 0.150390625 0.091796875
8 0.453125 0.34765625 0.15234375 0.1357421875
8 0.322265625 0.3212890625 0.1337890625 0.08984375
8 0.30859375 0.25390625 0.119140625 0.08203125
8 0.28515625 0.193359375 0.0966796875 0.07421875
8 0.2587890625 0.1474609375 0.0966796875 0.05859375
8 0.2509765625 0.0947265625 0.0966796875 0.064453125
7 0.544921875 0.51953125 0.150390625 0.14453125
7 0.498046875 0.435546875 0.1298828125 0.12109375
7 0.521484375 0.0546875 0.05859375 0.109375
7 0.5498046875 0.1005859375 0.0537109375 0.1044921875
7 0.6240234375 0.1884765625 0.05859375 0.095703125
7 0.6572265625 0.248046875 0.056640625 0.1357421875
7 0.708984375 0.32421875 0.0693359375 0.15234375
7 0.7587890625 0.244140625 0.09375 0.095703125
7 0.93359375 0.4443359375 0.1328125 0.1005859375
8 0.6279296875 0.73046875 0.1884765625 0.1650390625
8 0.5498046875 0.609375 0.140625 0.1318359375
8 0.3603515625 0.1748046875 0.1025390625 0.0888671875
7 0.8525390625 0.12890625 0.0830078125 0.1318359375
7 0.8095703125 0.0771484375 0.072265625 0.126953125
7 0.7626953125 0.0556640625 0.0693359375 0.111328125
8 0.8203125 0.4345703125 0.087890625 0.1826171875
8 0.765625 0.3681640625 0.07421875 0.1943359375
8 0.892578125 0.5263671875 0.107421875 0.18359375