8 0.251953125 0.0966796875 0.080078125 0.0576171875
8 0.2666015625 0.1494140625 0.087890625 0.05859375
8 0.4638671875 0.6796875 0.1142578125 0.109375
8 0.537109375 0.8212890625 0.15234375 0.142578125
8 0.6171875 0.73046875 0.134765625 0.1318359375
2 0.80078125 0.65234375 0.1455078125 0.138671875
2 0.7041015625 0.51171875 0.1572265625 0.1044921875
8 0.4091796875 0.57421875 0.1259765625 0.10546875
8 0.3896484375 0.4736328125 0.1142578125 0.09765625
8 0.357421875 0.3798828125 0.109375 0.080078125
8 0.326171875 0.3154296875 0.091796875 0.078125
8 0.306640625 0.2529296875 0.091796875 0.0576171875
8 0.2763671875 0.1962890625 0.072265625 0.0380859375