7 0.513671875 0.8359375 0.203125 0.2099609375
7 0.4638671875 0.6953125 0.166015625 0.16796875
7 0.4189453125 0.5888671875 0.1630859375 0.16015625
8 0.396484375 0.4873046875 0.1494140625 0.1298828125
7 0.3544921875 0.4013671875 0.1318359375 0.1142578125
7 0.32421875 0.3251953125 0.1162109375 0.11328125
7 0.310546875 0.259765625 0.109375 0.11328125
7 0.283203125 0.2080078125 0.107421875 0.1005859375
7 0.259765625 0.1572265625 0.0986328125 0.095703125
7 0.62109375 0.740234375 0.1298828125 0.171875
7 0.5947265625 0.62890625 0.16796875 0.1806640625
7 0.5546875 0.5302734375 0.1572265625 0.140625
7 0.5068359375 0.4345703125 0.1337890625 0.13671875
7 0.466796875 0.359375 0.123046875 0.1142578125
7 0.427734375 0.291015625 0.1416015625 0.1025390625
7 0.412109375 0.2314453125 0.1279296875 0.10546875
7 0.3720703125 0.173828125 0.1005859375 0.1005859375
7 0.3486328125 0.1337890625 0.0947265625 0.0732421875
7 0.8857421875 0.5302734375 0.1103515625 0.13671875
7 0.8203125 0.4521484375 0.087890625 0.1513671875
7 0.759765625 0.376953125 0.07421875 0.138671875
7 0.71484375 0.302734375 0.07421875 0.1474609375
7 0.662109375 0.2451171875 0.072265625 0.1318359375
7 0.623046875 0.1943359375 0.0673828125 0.1181640625
7 0.5927734375 0.15234375 0.0693359375 0.10546875
7 0.5537109375 0.099609375 0.0498046875 0.095703125
7 0.515625 0.0556640625 0.072265625 0.08984375