7 0.501953125 0.826171875 0.169921875 0.1943359375
7 0.4580078125 0.7041015625 0.1611328125 0.189453125
7 0.419921875 0.58203125 0.140625 0.138671875
7 0.34375 0.392578125 0.1162109375 0.125
7 0.3212890625 0.33203125 0.0986328125 0.0888671875
7 0.296875 0.2685546875 0.091796875 0.091796875
7 0.2744140625 0.2080078125 0.087890625 0.0830078125
7 0.25390625 0.158203125 0.08984375 0.0830078125
7 0.6240234375 0.7294921875 0.1416015625 0.15234375
7 0.5859375 0.626953125 0.1572265625 0.1455078125
7 0.5361328125 0.525390625 0.13671875 0.140625
7 0.4931640625 0.4375 0.1318359375 0.1142578125
7 0.4609375 0.3671875 0.1337890625 0.1162109375
7 0.4208984375 0.2880859375 0.1103515625 0.08984375
7 0.39453125 0.224609375 0.1103515625 0.0986328125
7 0.3681640625 0.1748046875 0.109375 0.08203125
7 0.345703125 0.12890625 0.0830078125 0.0673828125
8 0.3798828125 0.4814453125 0.13671875 0.13671875
8 0.2431640625 0.10546875 0.0849609375 0.0712890625
7 0.8896484375 0.5341796875 0.107421875 0.14453125
7 0.818359375 0.45703125 0.1005859375 0.1650390625
7 0.7548828125 0.3837890625 0.087890625 0.15234375
7 0.703125 0.3095703125 0.0830078125 0.1201171875
7 0.6572265625 0.259765625 0.056640625 0.109375
7 0.625 0.2060546875 0.09375 0.1162109375
7 0.578125 0.146484375 0.0634765625 0.095703125
7 0.544921875 0.1044921875 0.0537109375 0.0869140625
7 0.5166015625 0.0615234375 0.0673828125 0.0849609375