2 0.1513671875 0.2041015625 0.08984375 0.109375
2 0.2041015625 0.3818359375 0.0986328125 0.125
2 0.2255859375 0.513671875 0.0810546875 0.12109375
2 0.255859375 0.6416015625 0.103515625 0.154296875
2 0.7958984375 0.6572265625 0.1484375 0.1337890625
2 0.470703125 0.14453125 0.0869140625 0.0556640625
2 0.6416015625 0.404296875 0.0986328125 0.1005859375
2 0.708984375 0.51953125 0.1171875 0.1025390625
2 0.5302734375 0.2216796875 0.103515625 0.0849609375
8 0.4560546875 0.67578125 0.1259765625 0.12109375
8 0.4169921875 0.5625 0.138671875 0.107421875
8 0.392578125 0.466796875 0.1279296875 0.08984375
8 0.3525390625 0.38671875 0.10546875 0.1025390625
8 0.3359375 0.3232421875 0.1005859375 0.0693359375
8 0.310546875 0.259765625 0.1025390625 0.064453125
8 0.279296875 0.197265625 0.0986328125 0.0712890625
8 0.2626953125 0.1435546875 0.08984375 0.05078125
8 0.2431640625 0.08984375 0.09375 0.05859375
8 0.5341796875 0.8232421875 0.1572265625 0.15625
8 0.6171875 0.7333984375 0.150390625 0.1513671875
8 0.5810546875 0.5966796875 0.1298828125 0.11328125
8 0.525390625 0.4951171875 0.109375 0.080078125
8 0.30078125 0.029296875 0.076171875 0.048828125
8 0.310546875 0.0791015625 0.078125 0.033203125
8 0.3291015625 0.119140625 0.072265625 0.05078125
8 0.3603515625 0.16796875 0.09375 0.04296875
8 0.3720703125 0.21484375 0.0791015625 0.046875
8 0.40234375 0.2705078125 0.087890625 0.06640625
8 0.4375 0.3388671875 0.0869140625 0.05859375
8 0.4775390625 0.4111328125 0.125 0.076171875