7 0.494140625 0.806640625 0.150390625 0.1298828125
7 0.5283203125 0.51171875 0.1455078125 0.09375
7 0.2822265625 0.2109375 0.1005859375 0.0576171875
7 0.3466796875 0.171875 0.0810546875 0.0517578125
7 0.865234375 0.369140625 0.1103515625 0.07421875
7 0.5458984375 0.11328125 0.0693359375 0.0673828125
7 0.8876953125 0.533203125 0.0791015625 0.12109375
7 0.73046875 0.1943359375 0.119140625 0.0693359375
7 0.904296875 0.1796875 0.060546875 0.095703125
8 0.4609375 0.6796875 0.1630859375 0.1201171875
8 0.41796875 0.5732421875 0.1298828125 0.09375
8 0.384765625 0.4736328125 0.1298828125 0.080078125
8 0.359375 0.3916015625 0.13671875 0.0986328125
8 0.310546875 0.3134765625 0.1123046875 0.0849609375
8 0.2666015625 0.146484375 0.08984375 0.046875
8 0.6328125 0.734375 0.1484375 0.1494140625
8 0.572265625 0.6025390625 0.1298828125 0.12890625
8 0.486328125 0.423828125 0.1005859375 0.0625
8 0.4423828125 0.3369140625 0.109375 0.0693359375
8 0.40625 0.2783203125 0.0947265625 0.07421875
8 0.3798828125 0.22265625 0.0712890625 0.05078125