2 0.900390625 0.2685546875 0.076171875 0.1806640625
2 0.0439453125 0.27734375 0.072265625 0.15625
8 0.2470703125 0.40625 0.0322265625 0.103515625
8 0.2861328125 0.412109375 0.0380859375 0.099609375
8 0.322265625 0.416015625 0.0419921875 0.1259765625
8 0.3642578125 0.412109375 0.0361328125 0.1220703125
8 0.4072265625 0.4111328125 0.0283203125 0.11328125
8 0.44140625 0.4189453125 0.0322265625 0.1142578125
8 0.482421875 0.4169921875 0.0380859375 0.11328125
8 0.5244140625 0.416015625 0.0498046875 0.1142578125
2 0.1708984375 0.7646484375 0.0390625 0.10546875
8 0.580078125 0.408203125 0.0458984375 0.103515625
2 0.7236328125 0.421875 0.052734375 0.1201171875
2 0.78125 0.4208984375 0.044921875 0.12890625
2 0.9521484375 0.1162109375 0.0869140625 0.05859375
2 0.955078125 0.1826171875 0.08984375 0.05859375
7 0.169921875 0.4072265625 0.0361328125 0.076171875
8 0.0576171875 0.416015625 0.0458984375 0.107421875
8 0.0966796875 0.4052734375 0.037109375 0.1015625
8 0.1318359375 0.412109375 0.03125 0.103515625