5 0.25390625 0.56640625 0.1064453125 0.123046875
5 0.3720703125 0.568359375 0.125 0.1357421875
5 0.4453125 0.6708984375 0.12109375 0.052734375
5 0.5849609375 0.443359375 0.1318359375 0.109375
5 0.7158203125 0.560546875 0.109375 0.0634765625
5 0.8115234375 0.455078125 0.080078125 0.0830078125
5 0.8837890625 0.736328125 0.095703125 0.20703125
5 0.6748046875 0.7255859375 0.1044921875 0.1298828125
5 0.4794921875 0.833984375 0.0458984375 0.0654296875
5 0.318359375 0.7802734375 0.0576171875 0.0556640625
5 0.2744140625 0.828125 0.1044921875 0.10546875